horizons/dem.asc
ncols        61
nrows        76
xllcorner    772929.489845023258
yllcorner    174583.122673241451
cellsize     300.000000000000
NODATA_value -9999
[rows 0 to 51 of 76, columns 0 to 60 of 61]
1731.0 1702 1632 1609 1540 1502 1451 1402 1316 1240 1066 1200 1367 1478 1434 1384 1367 1336 1313 1283 1225 1192 1135 1114 1064 1035 992 970 959 942 946 995 1082 1174 1386 1542 1569 1620 1753 1776 1810 1799 1880 1918 1903 1783 1551 1580 1858 1951 2158 2304 2189 2174 2110 2082 2045 2036 1950 1955 1997
1798 1790 1707 1667 1623 1586 1500 1459 1381 1248 1108 1150 1410 1538 1525 1498 1434 1423 1370 1346 1303 1262 1192 1133 1140 1106 1058 1027 1025 1003 978 940 1022 1091 1260 1434 1464 1529 1675 1720 1749 1753 1789 1855 1810 1729 1508 1588 1866 1995 2228 2331 2234 2223 2207 2156 2096 2101 2074 2074 2095
1854 1912 1836 1819 1735 1698 1584 1507 1314 1203 1274 1384 1443 1565 1689 1690 1593 1575 1491 1456 1407 1346 1294 1282 1274 1243 1159 1137 1124 1126 1088 1060 948 975 1063 1118 1215 1323 1548 1574 1567 1568 1586 1645 1628 1545 1476 1606 1868 1997 2200 2280 2414 2339 2282 2260 2218 2201 2195 2208 2232
1852 1934 1937 1897 1819 1766 1633 1552 1337 1240 1350 1439 1504 1563 1699 1718 1655 1624 1519 1496 1439 1427 1371 1341 1332 1304 1210 1213 1175 1173 1124 1082 949 951 1017 1041 1141 1248 1452 1479 1489 1492 1484 1542 1525 1449 1498 1617 1908 2047 2223 2294 2468 2361 2302 2316 2273 2260 2218 2244 2293
2001 2041 2086 2037 1932 1863 1714 1634 1424 1356 1447 1518 1665 1733 1786 1782 1752 1739 1663 1627 1581 1602 1519 1482 1432 1393 1352 1343 1295 1262 1193 1116 984 984 974 970 1021 1062 1336 1334 1294 1277 1327 1370 1278 1319 1513 1599 1877 2018 2069 2116 2237 2350 2400 2449 2339 2346 2326 2380 2511
1950 2062 2131 2093 1957 1896 1739 1662 1471 1422 1460 1556 1671 1759 1806 1805 1768 1761 1718 1700 1688 1655 1571 1537 1496 1473 1425 1401 1351 1318 1200 1103 1016 1020 1005 993 995 1049 1184 1197 1193 1170 1238 1262 1268 1319 1579 1700 1930 2049 2003 1954 2118 2294 2455 2520 2425 2429 2383 2439 2612
1937 2066 2262 2162 2031 1966 1753 1715 1610 1573 1628 1654 1796 1843 1898 1899 1899 1878 1819 1811 1748 1700 1636 1612 1591 1556 1496 1477 1451 1402 1281 1248 1188 1172 1119 1101 1011 999 1009 1018 1081 1066 1119 1161 1253 1383 1536 1598 1746 1719 1680 1757 2075 2220 2430 2478 2625 2588 2627 2625 2494
1931 2095 2263 2190 2063 1972 1816 1804 1676 1619 1678 1699 1838 1885 1985 1969 1925 1921 1866 1830 1769 1717 1671 1635 1581 1620 1514 1513 1510 1450 1361 1359 1296 1262 1231 1201 1092 1096 1051 1027 1044 1070 1107 1144 1235 1318 1465 1535 1647 1601 1653 1786 2099 2251 2323 2432 2576 2580 2590 2440 2375
2172 2241 2265 2196 2082 2020 1897 1819 1719 1759 1873 1846 1815 1870 2154 2103 2028 1997 1928 1881 1818 1776 1742 1690 1665 1676 1580 1579 1610 1600 1562 1562 1548 1514 1405 1358 1279 1215 1196 1133 1066 1087 1126 1164 1193 1266 1359 1399 1426 1457 1699 1829 1959 2084 2214 2256 2212 2258 2360 2386 2256
2183 2280 2247 2163 2067 2017 1878 1817 1770 1797 1951 1900 1842 1882 2129 2165 2060 2031 1945 1906 1852 1822 1759 1708 1703 1697 1616 1634 1685 1695 1634 1648 1616 1595 1487 1442 1338 1269 1258 1184 1120 1109 1133 1176 1202 1232 1341 1344 1414 1459 1665 1717 1876 1997 2138 2159 2073 2094 2266 2326 2203
2156 2231 2239 2173 2027 1971 1874 1836 1889 1928 2071 2002 1907 1926 2054 2120 2157 2068 2008 1988 1915 1870 1807 1781 1773 1789 1739 1796 1807 1788 1734 1699 1754 1753 1611 1574 1460 1413 1394 1336 1294 1254 1196 1188 1215 1239 1302 1308 1348 1399 1552 1586 1706 1775 1923 1889 1789 1850 2045 2046 1896
2241 2328 2175 2125 2013 1965 1868 1872 1947 2072 2115 2050 1957 1953 2132 2143 2153 2107 2037 2043 1957 1905 1840 1805 1789 1803 1812 1839 1862 1835 1807 1806 1819 1809 1682 1617 1523 1476 1454 1407 1356 1322 1267 1164 1204 1223 1241 1260 1353 1427 1497 1529 1617 1655 1773 1753 1655 1775 1932 1950 1774
2276 2350 2242 2159 2043 1986 1915 1973 2052 2091 2180 2105 2106 2139 2162 2237 2204 2149 2108 2121 2066 2012 1918 1908 1869 1845 1916 1988 1984 1931 1935 1934 1959 1933 1880 1710 1706 1728 1609 1556 1482 1466 1370 1272 1181 1189 1193 1198 1267 1287 1383 1409 1436 1467 1562 1541 1520 1601 1673 1667 1590
2234 2263 2194 2163 2046 1979 1944 1989 2082 2110 2178 2116 2150 2174 2266 2330 2254 2185 2175 2164 2084 2039 1973 1942 1927 1922 1982 2045 2034 1987 1996 2040 2066 2008 1856 1830 1858 1808 1672 1639 1544 1498 1422 1260 1180 1182 1185 1190 1198 1218 1336 1373 1348 1358 1415 1399 1441 1505 1571 1567 1528
2246 2190 2116 2102 2027 2005 1987 2048 2144 2189 2206 2158 2186 2235 2333 2354 2304 2321 2272 2214 2130 2089 2069 2095 2065 2025 2049 2059 2120 2166 2140 2186 2150 2091 2017 1998 2086 1977 1771 1718 1590 1589 1496 1292 1198 1211 1203 1189 1197 1201 1221 1225 1233 1249 1300 1318 1338 1327 1357 1384 1411
2185 2166 2148 2123 2045 2003 2048 2075 2145 2192 2270 2241 2229 2278 2276 2271 2239 2243 2210 2172 2110 2086 2095 2117 2114 2041 2096 2149 2227 2232 2343 2342 2218 2207 2103 2113 2135 2018 1768 1741 1658 1616 1491 1284 1255 1250 1244 1252 1238 1230 1241 1252 1242 1239 1267 1290 1287 1299 1323 1359 1378
2200 2155 2111 2106 2068 2087 2104 2107 2140 2182 2270 2366 2340 2330 2209 2166 2124 2111 2077 2096 2135 2127 2162 2207 2128 2127 2182 2237 2441 2496 2420 2400 2406 2309 2296 2284 2251 2151 1923 1851 1734 1677 1539 1368 1276 1274 1325 1371 1415 1410 1370 1331 1337 1366 1298 1296 1350 1389 1385 1358 1356
2218 2236 2199 2192 2167 2178 2182 2183 2189 2261 2363 2310 2312 2281 2205 2157 2088 2074 2058 2077 2116 2112 2237 2281 2157 2195 2215 2254 2451 2441 2289 2293 2315 2248 2246 2242 2227 2212 2103 2005 1772 1665 1536 1366 1309 1309 1363 1438 1523 1434 1385 1366 1453 1413 1404 1432 1449 1476 1431 1437 1456
2119 2195 2235 2274 2281 2276 2248 2227 2330 2289 2209 2182 2149 2157 2074 2055 2006 2012 2013 2058 2124 2183 2212 2229 2248 2290 2348 2443 2392 2351 2229 2168 2180 2171 2147 2128 2129 2110 2007 1941 1801 1733 1553 1422 1421 1396 1457 1575 1562 1544 1496 1524 1575 1564 1564 1658 1681 1660 1723 1714 1740
2123 2221 2226 2254 2376 2393 2342 2286 2259 2210 2117 2109 2097 2074 2012 1972 1975 1983 2073 2094 2111 2140 2189 2214 2281 2296 2363 2460 2356 2311 2198 2147 2102 2094 2110 2071 2068 2045 1920 1878 1759 1680 1578 1462 1462 1380 1477 1612 1687 1651 1576 1649 1691 1674 1666 1785 1774 1721 1811 1893 1901
2057 2125 2179 2219 2374 2306 2210 2164 2108 2046 2013 2003 1983 1954 1916 1931 2075 2112 2170 2208 2211 2282 2256 2245 2237 2335 2417 2448 2306 2250 2219 2136 2015 2015 1955 1946 1895 1856 1806 1775 1674 1614 1518 1510 1482 1439 1622 1750 1918 1897 1818 1857 1941 1890 1887 1956 2089 2044 2028 2187 2141
2044 2085 2204 2217 2298 2315 2168 2140 2023 1993 1956 1953 1936 1897 1947 1985 2156 2202 2244 2244 2240 2282 2312 2322 2341 2446 2515 2511 2371 2297 2265 2205 2044 1991 1913 1877 1824 1780 1715 1666 1558 1509 1524 1520 1466 1486 1730 1892 2032 1985 1968 1971 2000 2018 1934 1982 2199 2202 2179 2290 2283
1983 2057 2116 2132 2225 2314 2113 2061 1938 1909 1863 1844 1908 1953 2086 2107 2177 2292 2386 2388 2321 2387 2524 2567 2559 2497 2576 2564 2398 2365 2293 2267 2183 2112 1918 1796 1675 1638 1589 1573 1544 1513 1506 1474 1515 1644 1856 1967 2113 2173 2200 2237 2159 2164 2079 2072 2204 2268 2367 2421 2423
1959 2039 2084 2091 2147 2258 2053 2015 1926 1888 1835 1856 1966 2025 2166 2204 2220 2320 2454 2483 2391 2452 2600 2689 2605 2545 2600 2518 2409 2386 2406 2319 2160 2080 1869 1763 1674 1639 1591 1585 1562 1550 1494 1581 1656 1634 1760 1879 2054 2127 2318 2345 2305 2301 2182 2139 2220 2258 2425 2403 2429
1937 1976 1967 1949 2073 2134 2041 1978 1875 1829 1771 1867 2017 2119 2364 2525 2429 2424 2560 2655 2575 2613 2824 2798 2651 2562 2511 2492 2410 2417 2385 2322 2119 1996 1843 1781 1691 1655 1619 1654 1613 1577 1600 1720 1812 1877 1739 1692 1842 1968 2134 2194 2306 2386 2439 2477 2505 2498 2382 2287 2312
1903 1939 1872 1877 2064 2114 2074 2013 1864 1788 1777 1921 2105 2215 2529 2588 2532 2534 2451 2509 2551 2522 2760 2788 2642 2601 2523 2458 2384 2358 2298 2269 2145 2069 1829 1769 1690 1657 1647 1644 1692 1703 1721 1747 1852 1990 1918 1832 1768 1837 2048 2118 2291 2344 2557 2585 2663 2537 2415 2328 2257
1828 1867 1709 1752 2107 2156 2057 1997 1746 1688 1894 2067 2340 2432 2356 2412 2490 2478 2358 2399 2413 2435 2620 2736 2566 2592 2562 2588 2435 2352 2273 2227 2128 2098 1933 1866 1732 1645 1598 1622 1713 1740 1750 1853 1997 2150 2098 2007 1974 1918 1901 2005 2225 2335 2371 2408 2492 2558 2439 2359 2254
1723 1764 1649 1716 2047 2103 1945 1869 1664 1676 1944 2088 2386 2320 2316 2428 2404 2377 2323 2303 2348 2381 2600 2604 2548 2544 2534 2521 2484 2488 2311 2266 2232 2163 1960 1881 1708 1615 1585 1612 1685 1722 1766 1913 2021 2169 2158 2117 2057 2005 1880 1949 2169 2257 2324 2376 2489 2638 2470 2392 2313
1585 1624 1527 1629 1839 1856 1756 1644 1633 1752 1988 2108 2211 2216 2273 2306 2295 2275 2207 2237 2299 2388 2439 2396 2456 2464 2535 2445 2410 2374 2487 2342 2165 2068 1949 1849 1700 1624 1559 1564 1618 1676 1783 1976 2125 2265 2318 2301 2221 2175 2028 1957 2015 2103 2264 2338 2514 2650 2670 2627 2561
1460 1539 1484 1618 1698 1722 1630 1533 1664 1757 1979 2109 2133 2144 2234 2259 2249 2220 2165 2216 2291 2415 2386 2299 2400 2460 2599 2452 2365 2335 2420 2341 2147 2043 1930 1842 1678 1579 1559 1559 1606 1682 1822 2042 2176 2282 2366 2450 2334 2265 2139 2043 1989 2040 2242 2336 2512 2533 2622 2706 2726
1383 1376 1415 1444 1481 1506 1563 1635 1733 1790 1876 1893 1952 1975 2072 2109 2128 2116 2091 2141 2380 2353 2295 2239 2388 2566 2459 2472 2297 2239 2216 2178 2009 1906 1712 1673 1598 1561 1559 1604 1704 1877 1998 2118 2222 2308 2325 2289 2351 2374 2425 2335 2240 2295 2295 2322 2439 2472 2524 2601 2787
1346 1369 1372 1360 1399 1407 1489 1529 1608 1665 1755 1784 1831 1857 1955 1995 2044 2048 2083 2078 2228 2176 2139 2218 2436 2582 2458 2375 2271 2215 2172 2116 1966 1853 1676 1624 1560 1559 1563 1644 1835 1970 2181 2184 2260 2251 2234 2207 2266 2312 2363 2412 2322 2277 2307 2343 2391 2438 2558 2641 2767
1301 1328 1415 1437 1495 1488 1526 1518 1582 1608 1670 1692 1736 1763 1855 1893 1934 1958 2024 2031 2057 2061 2146 2235 2585 2605 2507 2519 2247 2204 2044 2031 1892 1787 1641 1630 1559 1559 1646 1717 1921 2085 2142 2142 2155 2170 2146 2108 2204 2231 2313 2352 2453 2392 2420 2402 2499 2555 2631 2719 2787
1262 1315 1474 1520 1584 1578 1647 1681 1639 1659 1676 1686 1704 1730 1784 1818 1844 1867 1974 1995 2051 2089 2216 2335 2459 2480 2431 2483 2357 2211 2009 1966 1845 1752 1629 1622 1559 1561 1621 1714 1933 2006 2034 2075 2096 2102 2043 2047 2118 2158 2249 2294 2383 2409 2502 2475 2506 2561 2622 2664 2809
1325 1350 1542 1671 1703 1725 1824 1879 1860 1785 1940 1951 1903 1916 1826 1805 1971 2063 2172 2220 2340 2483 2465 2403 2302 2249 2209 2186 2118 2074 1955 1880 1756 1676 1584 1561 1565 1569 1581 1594 1664 1716 1777 1822 1841 1852 1863 1922 1992 2036 2140 2204 2311 2353 2456 2482 2529 2569 2683 2642 2652
1350 1370 1525 1626 1751 1806 1894 1932 1945 1865 1975 2053 2014 2014 1888 1887 2157 2289 2343 2391 2587 2469 2418 2378 2289 2264 2165 2081 1948 1912 1901 1844 1703 1657 1557 1556 1582 1622 1635 1648 1635 1632 1666 1699 1708 1731 1772 1840 1923 1990 2103 2192 2276 2317 2409 2454 2511 2559 2582 2592 2624
1357 1448 1525 1634 1733 1725 1886 1940 2001 1951 2014 2098 2142 2086 1953 1924 2161 2465 2598 2491 2506 2479 2358 2296 2169 2143 2100 2041 2009 1952 1843 1750 1621 1580 1549 1550 1601 1666 1829 1867 1821 1773 1763 1790 1832 1852 1885 1826 1815 1837 1984 2107 2220 2269 2316 2370 2474 2507 2509 2546 2596
1371 1447 1557 1620 1780 1779 1812 1865 1988 1996 2036 2072 2263 2190 1999 1958 2132 2281 2514 2425 2404 2421 2367 2332 2184 2093 1992 1939 1933 1886 1753 1680 1585 1576 1547 1550 1578 1677 1836 1838 1930 1939 1880 1897 1984 2032 2034 1981 1775 1807 1948 2050 2198 2225 2298 2336 2445 2430 2478 2515 2639
1382 1428 1691 1786 1823 1906 1899 1912 2018 2031 2098 2119 2201 2350 2159 2094 2151 2323 2403 2399 2291 2221 2116 2120 2093 2043 1954 1898 1804 1747 1615 1552 1541 1544 1548 1549 1558 1603 1699 1708 1885 1956 2120 2176 2191 2247 2215 2174 1937 1857 1816 1907 2061 2101 2202 2251 2314 2366 2431 2534 2637
1411 1440 1693 1752 1845 1926 1983 1998 2077 2087 2154 2174 2282 2376 2269 2182 2293 2326 2428 2510 2331 2264 2116 2022 1988 1956 1895 1840 1744 1686 1557 1539 1538 1539 1548 1557 1557 1565 1624 1661 1799 1877 2090 2215 2262 2282 2308 2288 2038 1928 1811 1837 2004 2037 2139 2172 2279 2316 2524 2562 2584
1418 1530 1740 1747 1803 1887 2049 2101 2211 2176 2257 2303 2561 2519 2382 2391 2417 2455 2456 2362 2266 2200 2069 2084 2004 1916 1743 1721 1630 1589 1542 1535 1558 1618 1699 1753 1689 1660 1626 1610 1642 1730 1943 2113 2191 2254 2462 2447 2256 2164 2033 1959 1855 1887 1992 2031 2222 2293 2397 2440 2494
1442 1616 1833 1846 1815 1871 2036 2081 2239 2310 2300 2390 2595 2505 2470 2514 2482 2530 2441 2387 2294 2239 2200 2175 1998 1901 1772 1711 1598 1573 1537 1541 1638 1731 1834 1885 1834 1786 1686 1653 1586 1661 1875 2034 2115 2221 2409 2461 2331 2280 2155 2077 1916 1884 1939 1988 2185 2256 2370 2392 2455
1519 1675 1891 1956 2082 1987 1956 2031 2167 2231 2356 2458 2637 2495 2514 2530 2620 2542 2483 2520 2372 2353 2236 2187 2026 1945 1741 1653 1556 1542 1539 1593 1800 1859 2017 2095 2088 2021 1902 1825 1668 1598 1713 1885 1972 2060 2219 2341 2519 2420 2304 2241 2096 2043 1944 1938 2046 2123 2242 2268 2338
1619 1709 1859 1929 2109 2071 1998 2060 2124 2177 2293 2408 2563 2469 2436 2500 2572 2521 2436 2438 2378 2347 2181 2096 1938 1895 1706 1619 1536 1531 1574 1648 1864 1919 2066 2153 2243 2158 2037 1932 1755 1648 1632 1792 1905 1988 2170 2274 2444 2510 2442 2332 2188 2138 1975 1948 2000 2061 2203 2237 2353
1727 1784 1946 2001 2102 2145 2144 2137 2209 2239 2425 2397 2573 2468 2383 2416 2503 2484 2357 2336 2349 2322 2241 2131 1994 1875 1658 1575 1525 1552 1636 1707 1901 1964 2122 2196 2318 2346 2240 2123 1928 1815 1642 1693 1781 1880 2086 2210 2336 2401 2552 2580 2394 2293 2183 2087 1980 1977 2091 2177 2405
1741 1826 1925 2033 2049 2095 2328 2260 2355 2434 2496 2480 2574 2485 2353 2364 2385 2384 2376 2288 2240 2258 2179 2122 1943 1853 1636 1546 1533 1553 1670 1767 1843 1962 2135 2207 2347 2440 2302 2221 2007 1890 1679 1656 1745 1831 2018 2127 2283 2343 2450 2531 2440 2385 2262 2183 2054 2030 2041 2182 2376
1832 1870 2014 2121 2172 2300 2446 2563 2673 2672 2571 2499 2430 2427 2359 2367 2243 2214 2348 2296 2068 2044 2061 1990 1852 1756 1552 1515 1529 1578 1752 1882 2018 2074 2194 2218 2333 2380 2457 2364 2138 2037 1843 1649 1687 1757 1939 2026 2250 2329 2461 2537 2486 2425 2348 2341 2209 2154 2078 2094 2343
1849 1935 2104 2222 2280 2353 2452 2585 2576 2672 2636 2551 2383 2384 2302 2318 2209 2170 2289 2253 2051 1950 1993 1942 1760 1661 1515 1517 1547 1617 1835 1938 2061 2093 2210 2289 2350 2394 2505 2376 2167 2085 1931 1745 1672 1704 1878 2014 2186 2283 2487 2608 2473 2429 2372 2340 2313 2250 2102 2105 2311
1958 2079 2312 2461 2546 2589 2592 2525 2458 2482 2589 2541 2495 2421 2278 2230 2150 2104 2066 2096 1981 1885 1802 1795 1650 1525 1531 1543 1632 1740 1925 1995 2083 2114 2230 2313 2507 2558 2407 2339 2286 2248 2077 1869 1768 1697 1763 1857 2084 2150 2376 2455 2588 2622 2433 2395 2313 2277 2170 2184 2182
1937 2051 2230 2331 2430 2506 2491 2439 2436 2428 2502 2448 2474 2580 2326 2249 2124 2061 1979 1981 1979 1895 1723 1695 1572 1507 1551 1554 1673 1768 1922 1978 2055 2102 2212 2283 2422 2470 2430 2381 2367 2309 2162 2020 1862 1751 1718 1795 2002 2089 2328 2408 2645 2690 2535 2456 2382 2297 2240 2246 2175
2153 2158 2202 2220 2286 2330 2412 2441 2420 2367 2372 2367 2365 2380 2382 2374 2203 2147 2000 1946 1805 1836 1666 1621 1531 1504 1524 1533 1662 1685 1811 1863 1925 1999 2159 2249 2390 2443 2550 2615 2544 2424 2265 2122 2047 1964 1734 1717 1864 1965 2199 2305 2478 2625 2788 2615 2416 2359 2286 2283 2229
2352 2328 2285 2297 2298 2326 2451 2546 2456 2365 2318 2329 2301 2334 2336 2343 2224 2161 2007 1886 1794 1690 1637 1586 1506 1499 1555 1599 1612 1632 1721 1786 1893 1993 2129 2207 2358 2394 2470 2530 2645 2494 2292 2178 2103 2012 1779 1730 1834 1910 2118 2236 2427 2566 2704 2619 2467 2404 2342 2320 2251
